25 25
100 100
2 2 2 2 2 2 2 2 2 2 2 2 2 2 2 2 2 2 2 2 2 2 2 2 2 
2 1 1 1 2 2 1 1 1 1 1 1 1 1 1 1 1 1 1 1 1 1 1 1 2 
2 1 1 1 2 2 1 1 1 1 1 1 1 1 1 1 1 1 1 1 1 1 1 1 2 
2 1 1 1 2 2 1 1 1 1 1 1 1 1 1 1 1 1 1 1 1 1 1 1 2 
<<<<<<< Updated upstream
2 1 1 1 2 2 1 1 1 2 2 1 1 1 2 2 2 2 2 2 2 2 2 2 2 
2 1 1 1 2 2 1 1 1 2 2 1 1 1 2 2 2 2 2 2 2 2 2 2 2 
2 1 1 1 2 2 1 1 1 2 2 1 1 1 1 1 1 1 1 1 1 1 1 1 2 
2 1 1 1 2 2 1 1 1 2 2 1 1 1 1 1 1 1 1 1 1 1 1 1 2 
2 1 1 1 2 2 1 1 1 2 2 1 1 1 1 1 1 1 1 1 1 1 1 1 2 
2 1 1 1 2 2 2 2 2 2 2 2 2 2 2 2 2 2 2 2 2 1 1 1 2 
2 1 1 1 2 2 2 2 2 2 2 2 2 2 2 2 2 2 2 2 2 1 1 1 2 
2 1 1 1 1 1 1 1 1 1 1 1 1 1 1 1 1 1 1 2 2 1 1 1 2 
2 1 1 1 1 1 1 1 1 1 1 1 1 1 1 1 1 1 1 2 2 1 1 1 2 
2 1 1 1 1 1 1 1 1 1 1 1 1 1 1 1 1 1 1 2 2 1 1 1 2 
2 2 2 2 2 2 2 2 2 2 2 2 2 2 2 2 1 1 1 2 2 1 1 1 2 
2 2 2 2 2 2 2 2 2 2 2 2 2 2 2 2 1 1 1 2 2 1 1 1 2 
2 1 1 1 2 2 1 1 1 2 2 1 1 1 2 2 1 1 1 2 2 1 1 1 2 
2 1 1 1 2 2 1 1 1 2 2 1 1 1 2 2 1 1 1 2 2 1 1 1 2 
2 1 1 1 2 2 1 1 1 2 2 1 1 1 2 2 1 1 1 2 2 1 1 1 2 
2 2 2 2 2 2 2 2 2 2 2 2 2 2 2 2 1 1 1 2 2 1 1 1 2 
2 2 2 2 2 2 2 2 2 2 2 2 2 2 2 2 1 1 1 2 2 1 1 1 2 
2 1 1 1 2 2 1 1 1 2 2 1 1 1 2 2 1 1 1 1 1 1 1 1 2 
2 1 1 1 2 2 1 1 1 2 2 1 1 1 2 2 1 1 1 1 1 1 1 1 2 
2 1 1 1 2 2 1 1 1 2 2 1 1 1 2 2 1 1 1 1 1 1 1 1 2 
=======
2 1 1 1 2 2 1 1 1 2 2 2 2 2 2 2 2 2 2 2 2 1 1 1 2 
2 1 1 1 2 2 1 1 1 2 2 2 2 2 2 2 2 2 2 2 2 1 1 1 2 
2 1 1 1 1 1 1 1 1 2 2 1 1 1 1 1 1 1 1 2 2 1 1 1 2 
2 1 1 1 1 1 1 1 1 2 2 1 1 1 1 1 1 1 1 2 2 1 1 1 2 
2 1 1 1 1 1 1 1 1 2 2 1 1 1 1 1 1 1 1 2 2 1 1 1 2 
2 2 2 2 2 2 2 2 2 2 2 1 1 1 2 2 2 2 2 2 2 1 1 1 2 
2 2 2 2 2 2 2 2 2 2 2 1 1 1 2 2 2 2 2 2 2 1 1 1 2 
2 1 1 1 2 2 1 1 1 1 1 1 1 1 2 2 1 1 1 1 1 1 1 1 2 
2 1 1 1 2 2 1 1 1 1 1 1 1 1 2 2 1 1 1 1 1 1 1 1 2 
2 1 1 1 2 2 1 1 1 1 1 1 1 1 2 2 1 1 1 1 1 1 1 1 2 
2 2 2 2 2 2 1 1 1 2 2 1 1 1 2 2 1 1 1 2 2 2 2 2 2 
2 2 2 2 2 2 1 1 1 2 2 1 1 1 2 2 1 1 1 2 2 2 2 2 2 
2 1 1 1 1 1 1 1 1 2 2 1 1 1 2 2 1 1 1 2 2 1 1 1 2 
2 1 1 1 1 1 1 1 1 2 2 1 1 1 2 2 1 1 1 2 2 1 1 1 2 
2 1 1 1 1 1 1 1 1 2 2 1 1 1 2 2 1 1 1 2 2 1 1 1 2 
2 1 1 1 2 2 2 2 2 2 2 2 2 2 2 2 1 1 1 2 2 1 1 1 2 
2 1 1 1 2 2 2 2 2 2 2 2 2 2 2 2 1 1 1 2 2 1 1 1 2 
2 1 1 1 1 1 1 1 1 1 1 1 1 1 1 1 1 1 1 1 1 1 1 1 2 
2 1 1 1 1 1 1 1 1 1 1 1 1 1 1 1 1 1 1 1 1 1 1 1 2 
2 1 1 1 1 1 1 1 1 1 1 1 1 1 1 1 1 1 1 1 1 1 1 1 2 
>>>>>>> Stashed changes
2 2 2 2 2 2 2 2 2 2 2 2 2 2 2 2 2 2 2 2 2 2 2 2 2 
